HCM,HHD,NOR,Label
0.9947263336222806,0.0001285314702232661,0.005145134907496174,0
0.9998428398820567,0.00014958070029597628,7.579417647215416e-06,0
0.9975134195892433,0.0024861449760386336,4.3543471799359785e-07,0
0.9999821237557959,1.760908010985676e-05,2.671640942388099e-07,0
0.535332372678986,0.0003891488369168103,0.4642784784840972,0
0.9996845269932244,0.00031247294585790816,3.0000609176795634e-06,0
0.9999995597071474,3.5480125322030995e-07,8.549159951840381e-08,0
0.9957816732148349,0.004217198584654446,1.1282005104705048e-06,0
0.9999093755745715,9.059892809026403e-05,2.5497338147522562e-08,0
0.9999889668656449,1.0874754610589254e-05,1.5837974438193032e-07,0
0.9999993294661784,6.539022766527442e-07,1.6631544888651835e-08,0
0.9999998299480126,1.670217367375941e-07,3.0302505517646973e-09,1
0.9919858550662689,0.008000768361595828,1.3376572135225474e-05,1
0.9379557504641959,0.04729887051272649,0.014745379023077489,1
2.933606756099135e-05,0.9999701345379521,5.293944869120766e-07,1
7.82771045999945e-06,0.9999912709762887,9.013132512724086e-07,1
0.9999097804807614,8.916541004395031e-05,1.0541091947799142e-06,1
0.02727865669384796,0.011692534358747274,0.9610288089474048,2
4.686473412349068e-06,5.571008622399026e-06,0.9999897425179652,2
3.391380680328204e-06,2.8351996725880126e-07,0.9999963250993524,2
0.00016307875041137303,3.775757393918787e-06,0.9998331454921946,2
0.9260535178532705,0.07127024805156305,0.0026762340951663856,0
0.9962246454434639,0.0016014708671913457,0.002173883689344883,0
0.5454057927608791,0.4531044421957971,0.0014897650433238377,0
0.8879158022096746,0.036857225519864464,0.07522697227046098,0
0.8569622567110122,0.12937916251696358,0.013658580772024267,0
0.19278397226378227,0.008106596796482539,0.7991094309397352,0
0.9954925999294694,0.003927614008853853,0.0005797860616767056,0
0.42374635668214544,0.48740089043865775,0.08885275287919668,0
0.6831714592426928,0.26108308513362233,0.05574545562368494,0
0.9874500155856569,0.008737497305482952,0.0038124871088602566,0
0.9594348009664866,0.03565181946593638,0.004913379567576941,0
0.558409681379232,0.4379807651454285,0.003609553475339501,1
0.9535296692338897,0.024157421268058057,0.022312909498052296,1
0.8594436515874505,0.08329594596580465,0.05726040244674484,1
0.03614279976703563,0.9619038636394942,0.0019533365934701467,1
0.049691035874358865,0.9466752299629155,0.0036337341627256806,1
0.353975986317336,0.6404332775808054,0.005590736101858667,1
0.5373927192923915,0.4570153273863688,0.005591953321239635,1
0.17071557742430526,0.8252868524503364,0.003997570125358498,1
0.06128534999316714,0.9373909792459478,0.0013236707608849914,1
0.09586658454955022,0.015526239415204195,0.8886071760352456,2
0.3623532502154957,0.5741134574336815,0.06353329235082276,0
0.612519750938214,0.37252667365891023,0.014953575402875785,0
0.7663898886095071,0.20208181364687922,0.03152829774361373,0
0.9729694746764757,0.022265883365149144,0.004764641958375198,0
0.5524397314058128,0.42577328428961775,0.02178698430456939,0
0.984588482272403,0.010432636862754275,0.004978880864842633,0
0.9482083554965466,0.036417523930596316,0.01537412057285714,0
0.8308716107290919,0.15727803766515272,0.011850351605755302,0
0.9827317573170626,0.009176258464357217,0.008091984218580114,0
0.8863952937575882,0.09562400598582561,0.0179807002565862,0
0.5322334823037262,0.4530863362977589,0.014680181398514762,0
0.9542161679720575,0.0299440462136691,0.015839785814273186,0
0.8460460225218028,0.06083442210971385,0.09311955536848336,0
0.04061338258650348,0.951228270710663,0.008158346702833622,1
0.8082499667361065,0.14023178227002253,0.05151825099387098,1
0.9033324254880704,0.08710728435373795,0.00956029015819176,1
0.6555759969306453,0.3181021412227992,0.026321861846555463,1
0.2825662190835949,0.7041469346933834,0.01328684622302166,1
0.24125709653292932,0.4683511261513204,0.29039177731575033,1
0.040432799574129874,0.012668275517196854,0.9468989249086733,2
0.4709136735493025,0.062375661478029344,0.46671066497266817,2
0.992070132446037,0.00790432015732246,2.554739664062391e-05,0
0.999872410459482,3.732363166248596e-05,9.026590885561218e-05,0
0.9999996326408278,3.2346793965037166e-07,4.38912324497338e-08,0
0.9999595796075222,4.984027304533694e-06,3.5436365173230634e-05,0
0.9996686774026047,4.266196651811249e-05,0.00028866063087735593,0
0.999943931067989,4.887934713285922e-05,7.189584878341914e-06,0
0.9987195575787609,0.0004960106740237977,0.0007844317472153296,0
0.9985805002058978,0.0014193818188380299,1.1797526408654036e-07,0
0.9999986804395444,1.2198169648297798e-06,9.974349091263373e-08,0
0.999901303711252,9.819577890846582e-05,5.005098396551352e-07,0
0.9982804305133814,0.0017178287435776027,1.7407430408391288e-06,0
0.9986318788377487,0.0009526956139748443,0.00041542554827630947,0
0.31402625438365295,0.6858358151069436,0.0001379305094035266,0
0.0004217757157849231,0.9976955939251554,0.0018826303590596472,1
0.9656150115844891,0.03310884692072622,0.0012761414947846078,1
0.2818541946011301,0.7181393629128544,6.442486015633251e-06,1
0.0014562318255217702,0.99854183389156,1.934282918276375e-06,1
0.9272554218758765,0.07259735461801133,0.00014722350611228138,1
0.010063820840701612,0.010810553397934288,0.9791256257613642,2
0.002649823662836015,5.492457961550684e-06,0.9973446838792024,2
0.9893922058468692,0.008330411669125164,0.0022773824840056148,0
0.9928924409828509,0.005256602820960626,0.001850956196188316,0
0.9921600052409257,0.007073553750661436,0.0007664410084129229,0
0.9784120299015583,0.020299644465266855,0.0012883256331747493,0
0.3831382391168607,0.4396073889680813,0.17725437191505797,0
0.8401370197441994,0.1564674166007778,0.0033955636550228783,0
0.5090958048510618,0.4435463959056413,0.04735779924329687,0
0.9626333568352987,0.03661826391385062,0.0007483792508506392,0
0.9954136463214673,0.003915216489014489,0.0006711371895179729,0
0.3718967218713125,0.5777776455076199,0.05032563262106754,0
0.24445350510188923,0.7373844360232422,0.01816205887486855,0
0.9858479377110572,0.005561867530821904,0.008590194758120888,0
0.7943103784783826,0.01464554287190701,0.1910440786497103,0
0.9867706518234138,0.011376672902761344,0.0018526752738246915,0
0.15346007257012131,0.8405063188657235,0.006033608564155183,0
0.014426397619475907,0.9680084935340214,0.01756510884650268,1
0.12650698579455913,0.8530274952453988,0.020465518960042114,1
0.056708660509341695,0.9414862646996939,0.0018050747909643251,1
0.8657932083182368,0.12469643616485387,0.009510355516909218,1
0.010676872254158426,0.009056845843284773,0.9802662819025568,2
0.7679243814198488,0.20624367620855616,0.025831942371595213,0
0.881718919211987,0.10406667642759129,0.014214404360421644,0
0.8942025524810349,0.1032971200866281,0.0025003274323370504,0
0.9528105157487448,0.0439573166936445,0.003232167557610821,0
0.42409328605508606,0.5526768396218263,0.02322987432308765,0
0.9468888521092359,0.05063270898299964,0.002478438907764354,0
0.9420180672387889,0.052429849128331464,0.0055520836328798225,0
0.46067006013886486,0.48919097651592464,0.05013896334521036,0
0.7176207041594244,0.2776562021903824,0.004723093650193185,0
0.9808473756511941,0.01721494054123164,0.0019376838075743918,0
0.9736624432171223,0.025110139139566758,0.001227417643311029,0
0.9274675049647053,0.05769126341138038,0.014841231623914403,0
0.04678638059296928,0.13329533163763635,0.8199182877693943,1
0.08868019097425202,0.8808318374274956,0.030487971598252377,1
0.50730081257679,0.411876969285518,0.08082221813769197,1
0.08148227922004009,0.9145151519609717,0.0040025688189882095,1
0.3047266377233358,0.6599086288796988,0.03536473339696542,1
0.24511382314653932,0.7325637898638427,0.02232238698961779,1
0.007375224619854521,0.008185606066951059,0.9844391693131945,2
0.031592535068309,0.007681792049238765,0.9607256728824521,2
0.9903011299722299,0.009687557779658428,1.1312248111654434e-05,0
0.9999504409392309,4.945572006224824e-05,1.033407067991638e-07,0
0.9999979296881639,2.0342732998932877e-06,3.6038536160012955e-08,0
0.9985036783939728,0.0013258909626124647,0.00017043064341459876,0
0.9992621482344562,2.905486760174791e-05,0.0007087968979418585,0
0.9999950518346943,4.937118837237555e-06,1.1046468428047132e-08,0
0.9999811539181809,1.1836335486934003e-05,7.00974633207147e-06,0
0.9996344409176483,0.00036533062451799426,2.284578338103336e-07,0
0.9995587890861647,0.00043378636085138726,7.42455298369902e-06,0
0.2618870497632461,0.7365634683107011,0.0015494819260527253,0
0.9999971523912607,2.8038289091238242e-06,4.3779830095983435e-08,0
0.9999635214048641,3.6272345197647845e-05,2.062499383077015e-07,0
0.9999838314338841,1.6112992915143776e-05,5.557320065960946e-08,0
0.19860489365659592,0.8013926395697527,2.4667736512936533e-06,1
0.9736370387977085,0.02244942302652679,0.003913538175764759,1
0.9998539339862028,0.00014594821829930793,1.1779549790267911e-07,1
1.3585267623548019e-05,0.0003338073131632829,0.9996526074192131,2
0.007576801691955858,0.39625156905993125,0.596171629248113,2
0.9937332415115879,0.006176258791842052,9.049969657000285e-05,2
0.003996491202143797,0.002726799213878026,0.9932767095839783,2
0.9999988770596846,1.1153833167059247e-06,7.55699877522689e-09,0
0.2841022992657723,0.7158872526077157,1.0448126512035184e-05,0
0.00131512437951435,0.9986835939489066,1.281671579096443e-06,0
0.9981407639264446,0.0018590752415927375,1.6083196283703398e-07,0
0.3173989499237461,0.6825809607264877,2.0089349766154648e-05,0
0.9995645108767902,0.00043454640981946657,9.427133902292953e-07,0
0.9999932031049493,6.786683535225587e-06,1.0211515491657722e-08,0
0.9999997484585417,1.9760073092357486e-07,5.3940727491622e-08,0
0.9999975578984968,5.605717224431709e-07,1.8815297806299468e-06,0
0.09677837301091564,0.0015122505747554506,0.901709376414329,1
0.008054352746631547,0.9917623740528363,0.00018327320053219227,1
0.8378125749150147,0.1608357952604468,0.0013516298245383402,1
0.02940301701828017,0.966168810791299,0.0044281721904208616,1
0.999960554871701,3.915162343752637e-05,2.935048615206473e-07,1
0.9969871666204286,0.0011552822716228725,0.001857551107948543,1
0.9749869792638565,0.024994997089435016,1.8023646708565633e-05,1
1.718659274119922e-05,0.00013790836016288672,0.9998449050470959,2
1.0352996703575461e-05,0.00015385219958622345,0.9998357948037103,2
0.914039204958261,1.1035104081751237e-05,0.08594975993765736,2
0.008096881066503667,2.8936990537145788e-05,0.9918741819429591,2
0.2889377815950957,0.6918864682358448,0.019175750169059615,0
0.6624236584736888,0.3294432910408362,0.008133050485474871,0
0.1036632930976073,0.8887304899651479,0.007606216937244831,0
0.9916766869892549,0.0071833591745225035,0.0011399538362227317,0
0.9614384746824767,0.03365762051319696,0.004903904804326198,0
0.814218421694718,0.18370815471501867,0.002073423590263347,0
0.809881357540831,0.17877629455646174,0.011342347902707254,0
0.9521518609019686,0.044450272030258246,0.0033978670677733366,0
0.9470174691502037,0.04408390182390795,0.008898629025888307,0
0.6860546950095856,0.10602932792779395,0.2079159770626205,0
0.9912707936312507,0.007249731873283807,0.0014794744954655613,0
0.2145850404597872,0.77532370672533,0.010091252814882866,1
0.733080053088915,0.2540360736675259,0.012883873243559241,1
0.8125610630489579,0.1821796448134987,0.0052592921375435074,1
0.0405983083499185,0.9570345618929236,0.0023671297571578255,1
0.017652463851064476,0.005598811720423467,0.9767487244285121,2
0.029261022223476957,0.05580390001905284,0.9149350777574702,2
0.056955440955763825,0.07503138020836526,0.8680131788358708,2
0.5192129710225679,0.44823591205060337,0.03255111692682868,2
0.014046154103751096,0.016786032530327854,0.9691678133659211,2
0.5554616924145742,0.3984145597566137,0.046123747828812144,0
0.8640031022070487,0.10883354791375906,0.027163349879192198,0
0.8903256162621485,0.09205473795715458,0.01761964578069684,0
0.9556959862886473,0.01944667451360958,0.024857339197743106,0
0.39656856157943654,0.5954154230756957,0.008016015344867738,0
0.906051122283023,0.0626915923600915,0.03125728535688564,0
0.4793746893518856,0.4820230109227013,0.03860229972541302,0
0.9739817129509777,0.01385632009797889,0.012161966951043436,0
0.9481964417600038,0.04632513449380993,0.005478423746186205,0
0.9875038028944714,0.0081366893202706,0.004359507785258044,0
0.9327720443262819,0.06262956549625545,0.004598390177462631,0
0.9664274979146017,0.024749683556984408,0.008822818528414014,0
0.594273842307678,0.39323699957416774,0.012489158118154275,0
0.8162651634120692,0.17029432125048952,0.013440515337441302,1
0.9659357133918955,0.025585376261640667,0.008478910346463817,1
0.08925843139820003,0.9042574977805379,0.006484070821262105,1
0.05062845765465675,0.060005367685107704,0.8893661746602356,2
0.04270064708503007,0.014879902803343737,0.9424194501116263,2
0.10075081319803025,0.2349573026302202,0.6642918841717496,2
0.3725735837863527,0.09293555105289991,0.5344908651607474,2
