HCM,HHD,NOR,Label
0.6007308711973214,0.1517843568998106,0.24748477190286794,0
0.4915101393543578,0.45643568947444996,0.05205417117119223,0
0.4881682497411516,0.48851115388853433,0.023320596370314084,0
0.6403953093581278,0.3455326990304405,0.014071991611431666,0
0.5260429716285979,0.06083639119853613,0.41312063717286596,0
0.5070616522859415,0.44930496208625,0.04363338562780853,0
0.5011577194280419,0.48218594410951715,0.016656336462440993,0
0.4813678941682028,0.506099924551498,0.012532181280299069,0
0.5404982017792056,0.43532387559835467,0.024177922622439757,0
0.5079551725041728,0.47377007498913315,0.018274752506694032,0
0.6083314031179021,0.3749834053674675,0.016685191514630295,0
0.49832214458669016,0.4895761968412911,0.012101658572018654,1
0.500862270232334,0.4834214412009885,0.015716288566677443,1
0.5100005448675065,0.4148915463601051,0.07510790877238839,1
0.4557908374995375,0.5214053481764257,0.02280381432403669,1
0.4332051509573369,0.5429778791624695,0.023816969880193557,1
0.48664694957728843,0.46243958440495564,0.05091346601775583,1
0.3539586611388151,0.39765994997401866,0.24838138888716632,2
0.3058573334935219,0.10481633261786172,0.5893263338886163,2
0.2410279249234757,0.03039089575873672,0.7285811793177875,2
0.35769980521252415,0.026039548235516907,0.6162606465519589,2
0.4926682936034062,0.47367652346241584,0.033655182934177914,0
0.5887100412446233,0.3484569950860153,0.06283296366936142,0
0.509757281265518,0.4738249902377151,0.016417728496766835,0
0.43190099042014346,0.42844316747890704,0.1396558421009496,0
0.47909320524175497,0.4793708645094497,0.04153593024879524,0
0.3769115519159251,0.2365911615091288,0.38649728657494614,0
0.5386348509303389,0.44262926051440804,0.018735888555252975,0
0.41127204849219756,0.44204302903649495,0.14668492247130746,0
0.49666010899602686,0.4081835432084872,0.09515634779548578,0
0.5703455946791002,0.38037969695495344,0.0492747083659464,0
0.5763311758982925,0.39744497879353907,0.02622384530816845,0
0.4888196263652744,0.4881288716704224,0.023051501964303275,1
0.4307434053924103,0.46550994064608947,0.10374665396150021,1
0.43348443445742646,0.403853587428857,0.16266197811371652,1
0.48988229715406983,0.4861096914247431,0.024008011421187084,1
0.47512083199517446,0.45737924771405564,0.06749992029077001,1
0.48603924962051626,0.49204292795727156,0.021917822422212192,1
0.4640138410887265,0.49173189822948604,0.04425426068178738,1
0.48732116237423073,0.47435717243751035,0.03832166518825894,1
0.47499577418956224,0.4939570721135402,0.031047153696897613,1
0.2077038164409081,0.40601834432649714,0.38627783923259484,2
0.5078004893018447,0.42725285336029845,0.0649466573378569,0
0.5518637364800095,0.4230689594563334,0.025067304063657148,0
0.5107049293369922,0.45543607072566306,0.033858999937344765,0
0.6232322579105112,0.37367521386384084,0.0030925282256480807,0
0.6068613173624434,0.3870001526467872,0.00613852999076939,0
0.6291096285253052,0.36732837892417536,0.0035619925505194286,0
0.5522059071234807,0.3994062310394859,0.04838786183703328,0
0.6232322579105112,0.37367521386384084,0.0030925282256480807,0
0.6232322579105112,0.37367521386384084,0.0030925282256480807,0
0.6232322579105112,0.37367521386384084,0.0030925282256480807,0
0.6068613173624434,0.3870001526467872,0.00613852999076939,0
0.6232322579105112,0.37367521386384084,0.0030925282256480807,0
0.5078004893018447,0.42725285336029845,0.0649466573378569,0
0.5107049293369922,0.45543607072566306,0.033858999937344765,1
0.6068613173624434,0.3870001526467872,0.00613852999076939,1
0.5803733259264907,0.394678908784221,0.02494776528928824,1
0.6068613173624434,0.3870001526467872,0.00613852999076939,1
0.6068613173624434,0.3870001526467872,0.00613852999076939,1
0.41996848012409066,0.2936064336187292,0.2864250862571801,1
0.06587967351342773,0.044365871866652785,0.8897544546199195,2
0.41996848012409066,0.2936064336187292,0.2864250862571801,2
0.6471453652828641,0.3120914519012682,0.04076318281586766,0
0.3460799573674043,0.5965889926622009,0.057331049970394746,0
0.674754216121922,0.30090132358643973,0.02434446029163831,0
0.674754216121922,0.30090132358643973,0.02434446029163831,0
0.674754216121922,0.30090132358643973,0.02434446029163831,0
0.674754216121922,0.30090132358643973,0.02434446029163831,0
0.674754216121922,0.30090132358643973,0.02434446029163831,0
0.674754216121922,0.30090132358643973,0.02434446029163831,0
0.674754216121922,0.30090132358643973,0.02434446029163831,0
0.674754216121922,0.30090132358643973,0.02434446029163831,0
0.674754216121922,0.30090132358643973,0.02434446029163831,0
0.607575969372428,0.3258562669022877,0.06656776372528428,0
0.5560533814598283,0.37948925955324464,0.06445735898692714,0
0.5153502365718762,0.38035315205196624,0.10429661137615749,1
0.674754216121922,0.30090132358643973,0.02434446029163831,1
0.674754216121922,0.30090132358643973,0.02434446029163831,1
0.5560533814598283,0.37948925955324464,0.06445735898692714,1
0.5560533814598283,0.37948925955324464,0.06445735898692714,1
0.06252756728761852,0.21188581137935522,0.7255866213330263,2
0.3656729113351849,0.27629101494356345,0.3580360737212516,2
0.4946095895747875,0.5012325324946764,0.004157877930536125,0
0.6085198932645971,0.37770746188872606,0.013772644846676766,0
0.539874640185643,0.45546765149090773,0.004657708323449252,0
0.510753340623266,0.484195123813429,0.005051535563304954,0
0.5296007169115671,0.44882123633985915,0.02157804674857375,0
0.5235754411857524,0.4736598322403922,0.00276472657385539,0
0.7118368048862626,0.24905018947644744,0.039113005637290074,0
0.5175794843095242,0.4806481428487748,0.0017723728417010066,0
0.6297250388089011,0.3690541141470902,0.0012208470440086365,0
0.5935720985462454,0.40155117988247735,0.004876721571277312,0
0.46574461721661525,0.5305453009515961,0.0037100818317886775,0
0.6861667538219062,0.2967937347361626,0.01703951144193134,0
0.36208924328714326,0.22104123298806788,0.41686952372478886,0
0.7169178645479558,0.28011458048613747,0.0029675549659066327,0
0.4556299506819107,0.53764564137508,0.006724407943009356,0
0.45347211714363866,0.5348852706918504,0.011642612164510902,1
0.5317769033998848,0.46500191864982665,0.003221177950288678,1
0.41973187334060263,0.5790862532977062,0.0011818733616912006,1
0.4735278102271841,0.39586870818124936,0.1306034815915665,1
0.08793346361267235,0.05649485143887947,0.8555716849484483,2
0.6676031145892535,0.3058478208088298,0.026549064601916767,0
0.6300760206656004,0.34490591985216457,0.02501805948223498,0
0.6300760206656004,0.34490591985216457,0.02501805948223498,0
0.6300760206656004,0.34490591985216457,0.02501805948223498,0
0.5006635079520014,0.4160761022299469,0.08326038981805164,0
0.648677756169151,0.33861321259895033,0.012709031231898635,0
0.648677756169151,0.33861321259895033,0.012709031231898635,0
0.5937979357496461,0.37221426057182566,0.0339878036785283,0
0.648677756169151,0.33861321259895033,0.012709031231898635,0
0.648677756169151,0.33861321259895033,0.012709031231898635,0
0.648677756169151,0.33861321259895033,0.012709031231898635,0
0.6076790157317987,0.329193601232682,0.06312738303551912,0
0.10325537675389401,0.5227327840154995,0.37401183923060644,1
0.54569093031104,0.40101927466972576,0.05328979501923424,1
0.5006635079520014,0.4160761022299469,0.08326038981805164,1
0.6177937754697225,0.372905482982224,0.009300741548053437,1
0.49867340506426466,0.40090614476689684,0.10042045016883853,1
0.5177711092000132,0.2815806844918785,0.2006482063081083,1
0.04637563836306072,0.0598236995011766,0.8938006621357627,2
0.04777302842491662,0.0429438837046795,0.9092830878704038,2
0.7032976165105147,0.28926638179114306,0.007436001698342218,0
0.7476345709106871,0.24593752977281605,0.00642789931649682,0
0.5474462929651077,0.4480065185818259,0.004547188453066357,0
0.4983075595114024,0.4893102519028153,0.012382188585782316,0
0.8067198705766736,0.15445736288604378,0.03882276653728253,0
0.6976534788134304,0.30058725157091576,0.0017592696156537675,0
0.5301171418377335,0.46232198184192935,0.0075608763203371095,0
0.5193865595533554,0.4792485863304813,0.0013648541161632266,0
0.7234700197731824,0.25202088772444087,0.024509092502376706,0
0.5064494980010894,0.4869612410178142,0.0065892609810965334,0
0.4851945746841589,0.5088557318021392,0.005949693513702044,0
0.5438553388752871,0.4534855071681343,0.0026591539565784333,0
0.5239098321433587,0.47484447309500644,0.0012456947616348265,0
0.509561928198199,0.48881612192220164,0.0016219498795993332,1
0.5067821707338929,0.46842222312185106,0.024795606144256077,1
0.5323165816759797,0.4650023060604473,0.002681112263572991,1
0.18907345375201384,0.3780023171619551,0.4329242290860311,2
0.22585771999321258,0.5178926056772944,0.2562496743294929,2
0.4680387669318842,0.5056317762566546,0.026329456811461326,2
0.26633935337727793,0.5631063306309169,0.170554315991805,2
0.5609377894859477,0.4291082622548289,0.009953948259223242,0
0.5571923278390041,0.4299116687869267,0.012896003374069182,0
0.5374663703407986,0.44964894210249035,0.012884687556711016,0
0.5609377894859477,0.4291082622548289,0.009953948259223242,0
0.5183818488491158,0.47511239172146136,0.006505759429422898,0
0.5518718960523187,0.4387574104289388,0.009370693518742559,0
0.693079554248414,0.2942148631426589,0.01270558260892714,0
0.718659252424695,0.26353672957816743,0.01780401799713751,0
0.6816800507100963,0.24054619765518653,0.07777375163471724,0
0.45645385028590696,0.3445169158460523,0.1990292338680408,1
0.5141837887698328,0.45818062325282966,0.027635587977337485,1
0.5604559380912455,0.4020270969279901,0.03751696498076447,1
0.5304470588444765,0.4472614977800553,0.02229144337546806,1
0.5455046045423213,0.4420995842303926,0.012395811227286117,1
0.5126223264642723,0.4304276618377555,0.05695001169797235,1
0.49058167459016266,0.5017891554752649,0.007629169934572362,1
0.24825007352268538,0.19026928467172946,0.5614806418055852,2
0.28190706510510977,0.10588068622264256,0.6122122486722477,2
0.5235008149488313,0.33512227354657537,0.14137691150459344,2
0.4864304041000515,0.0742469272137307,0.43932266868621767,2
0.48117003068825953,0.4777705116882036,0.041059457623537035,0
0.5337000548148445,0.4458377967822715,0.020462148402884076,0
0.46391142378571526,0.5149019177148767,0.021186658499407977,0
0.5174925886890815,0.47690569084432843,0.005601720466589957,0
0.5203388175761003,0.47413156367335574,0.005529618750543939,0
0.5192616096331399,0.4693736317678927,0.011364758598967233,0
0.5340739124767657,0.4586146338669601,0.00731145365627421,0
0.5423158970278803,0.4443397908657723,0.013344312106347424,0
0.5295003886554664,0.4585357295424637,0.011963881802069865,0
0.4900320259257513,0.3606516289437256,0.1493163451305231,0
0.521816478558507,0.4710261162819496,0.007157405159543353,0
0.5225406818197514,0.46513433424074624,0.012324983939502243,1
0.500908442841805,0.49185340363485125,0.007238153523343635,1
0.5532743485071635,0.4357783387698565,0.010947312722980012,1
0.46631338873741873,0.5243364595665402,0.009350151696041104,1
0.06340499963301974,0.07864514384928066,0.8579498565176996,2
0.12853751974960817,0.19169296207694,0.6797695181734519,2
0.40319620748672313,0.23632324201475077,0.3604805504985262,2
0.5396285491496855,0.42289806900511806,0.03747338184519647,2
0.0795011745767586,0.10751436902978115,0.8129844563934602,2
0.5070768505190203,0.4382432254368197,0.05467992404415988,0
0.5123262970697914,0.41994265184091767,0.06773105108929092,0
0.6915427849866214,0.2406050654104029,0.0678521496029758,0
0.6186693931675912,0.29653580814918146,0.08479479868322748,0
0.4984920773181072,0.4523792936526566,0.04912862902923614,0
0.5109277479044875,0.44113890321136545,0.0479333488841469,0
0.5289460982170219,0.3945562546240963,0.0764976471588818,0
0.5174164059839558,0.4571313288770789,0.025452265138965237,0
0.5439486176069593,0.42726431486967864,0.028787067523362155,0
0.5999596282704581,0.3627444461581597,0.03729592557138223,0
0.5029097514455,0.4753012274876735,0.021789021066826484,0
0.5125921264065175,0.4521406075963413,0.035267265997141195,0
0.5017888576863827,0.47635638563230887,0.02185475668130847,0
0.5041364210876295,0.468353722729968,0.02750985618240243,1
0.5162942970667649,0.4589885045329836,0.024717198400251553,1
0.46842324182036105,0.49968899416666646,0.031887764012972455,1
0.21780547295305397,0.148663646703542,0.6335308803434041,2
0.2542596385291368,0.07692278313732563,0.6688175783335375,2
0.4305948445540219,0.22823485075637412,0.34117030468960396,2
0.2756294086098737,0.23254883202910298,0.49182175936102335,2
